harm_one,harm_two,harm_three,harm_four,harm_five
0.552771664,0.142699653,0.243100122,0.03642406,0.025004502
0.561129802,0.135182694,0.233482594,0.045038154,0.025166756
0.576014638,0.131160175,0.226242115,0.044721287,0.021861785
0.581700767,0.133100065,0.221540713,0.04381808,0.019840374
0.585416054,0.128081066,0.223950607,0.043994694,0.01855758
0.600293243,0.127518513,0.216911716,0.042671409,0.012605119
0.604149034,0.134740328,0.20730527,0.041442818,0.012362549
0.620434562,0.142501345,0.18318289,0.042567427,0.011313776
0.631817718,0.155063017,0.165498115,0.040792368,0.006828782
0.650381032,0.157753389,0.141163548,0.036092436,0.014609594
0.660032798,0.152967484,0.138468318,0.041252879,0.00727852
0.669684724,0.162224696,0.119889352,0.03301749,0.015183738
0.666668264,0.166390717,0.113336264,0.039460757,0.014143998
0.629171542,0.139298141,0.106271072,0.067089018,0.058170227
0.590383137,0.073044713,0.113814072,0.127767595,0.094990483
0.353393655,0.339692484,0.24811208,0.045035079,0.013766702
0.362282487,0.307165362,0.25688584,0.058932077,0.014734234
0.396060696,0.290536523,0.254910211,0.051104425,0.007388145
0.418437712,0.290624091,0.242018899,0.04704467,0.001874629
0.442431961,0.27770284,0.228966708,0.045985459,0.004913031
0.462225633,0.26761765,0.220115645,0.044915112,0.00512596
0.484685513,0.269648496,0.202457108,0.039088516,0.004120367
0.493329903,0.282696094,0.194644981,0.025119697,0.004209325
0.498582221,0.290250112,0.182153438,0.023579027,0.005435202
0.507039998,0.29053972,0.174109316,0.021624237,0.006686728
0.522955983,0.284365485,0.162291696,0.025305666,0.005081169
0.53921556,0.275636008,0.149257862,0.031740835,0.004149735
0.542609075,0.275725028,0.142541516,0.035723334,0.003401047
0.563721307,0.266370999,0.134147684,0.032980906,0.002779104
0.581740332,0.255235176,0.134820553,0.021240019,0.00696392
0.599642946,0.24680102,0.131340279,0.015994023,0.006221732
0.605910134,0.245750558,0.122684743,0.015648352,0.010006213
0.630126988,0.229799318,0.114857795,0.020506467,0.004709432
0.652115499,0.213889402,0.104563291,0.02518951,0.004242298
0.677893654,0.196813719,0.09506051,0.023074918,0.007157199
0.651822436,0.094842724,0.057364115,0.049867185,0.146103539
0.35191574,0.369871202,0.237900224,0.025665606,0.014647228
0.342295582,0.36314884,0.252351392,0.025459165,0.01674502
0.348155899,0.355139821,0.24479808,0.037622351,0.014283849
0.368147396,0.340202228,0.234558868,0.04539397,0.011697537
0.393438511,0.329087155,0.227566286,0.03784645,0.012061597
0.420621894,0.307203557,0.22047425,0.041359874,0.010340424
0.428700381,0.308831492,0.213890975,0.042394178,0.006182975
0.427291426,0.330303056,0.198125474,0.040644188,0.003635857
0.4228557,0.345530243,0.186162281,0.039194063,0.006257713
0.412918807,0.365574432,0.172496863,0.041033637,0.007976261
0.409076214,0.38914712,0.160449246,0.035032972,0.006294447
0.403900957,0.401484096,0.155316779,0.032104627,0.007193541
0.421081417,0.383034789,0.153913898,0.036926807,0.00504309
0.442803912,0.356786004,0.160170178,0.037621976,0.00261793
0.474693143,0.334680093,0.146699847,0.039930177,0.00399674
0.488818728,0.309850811,0.145193613,0.041795233,0.014341616
0.516439316,0.308707222,0.134913897,0.03376777,0.006171794
0.533991546,0.294776058,0.128714468,0.037605275,0.004912653
0.577774606,0.257235201,0.127278656,0.029892474,0.007819064
0.605848962,0.114607049,0.106619903,0.086804908,0.086119178
0.303939713,0.342036944,0.262613338,0.077995241,0.013414764
0.323572522,0.302049601,0.2853559,0.072918403,0.016103574
0.367538949,0.282589274,0.283191782,0.054468511,0.012211484
0.395878361,0.276625315,0.283496267,0.036376798,0.007623259
0.431212784,0.25973836,0.265801483,0.034794823,0.008452549
0.478639116,0.212352385,0.258422744,0.039122634,0.011463121
0.502120607,0.199470117,0.241139804,0.047082307,0.010187165
0.510124387,0.214297405,0.217884816,0.049945432,0.007747959
0.51055143,0.228656286,0.20204659,0.050665151,0.008080543
0.522755749,0.234116837,0.189493743,0.048314524,0.005319147
0.528583284,0.245419476,0.172128696,0.048025371,0.005843173
0.523964833,0.264586252,0.165445939,0.041261777,0.004741199
0.536648369,0.265987466,0.159738024,0.032685707,0.004940434
0.552507533,0.261043268,0.156323222,0.027070085,0.003055892
0.578838571,0.24429917,0.15031838,0.022719146,0.003824733
0.580281792,0.250993577,0.139994884,0.022200366,0.006529381
0.594295719,0.251213566,0.122783896,0.026475875,0.005230945
0.611956259,0.242933606,0.114500018,0.023827797,0.006782321
0.632294652,0.23512326,0.106660895,0.016801039,0.009120154
0.648250495,0.230951834,0.099352928,0.014064943,0.0073798
0.671748976,0.120673629,0.113701437,0.039207632,0.054668325
0.338369308,0.346551711,0.226012855,0.073343606,0.01572252
0.375358257,0.315698796,0.227028799,0.06779574,0.014118408
0.433495623,0.278038064,0.225479571,0.056604597,0.006382146
0.477965358,0.256382748,0.213595747,0.048263471,0.003792676
0.511539082,0.234296621,0.204139833,0.046278989,0.003745475
0.55169047,0.203482787,0.195706683,0.045811546,0.003308514
0.586110014,0.174435595,0.184285349,0.048347581,0.006821462
0.595249883,0.172264894,0.17093397,0.054465153,0.0070861
0.593070529,0.183468253,0.157866143,0.055577747,0.010017329
0.597128168,0.190438826,0.150131792,0.053522255,0.008778959
0.600371886,0.194923299,0.147414729,0.051940216,0.005349871
0.60967244,0.196578696,0.139914904,0.048634151,0.005199808
0.616890933,0.193432087,0.136881118,0.04872852,0.004067342
0.621618095,0.194026864,0.132715624,0.046975697,0.00466372
0.630652313,0.191803491,0.127337689,0.042857328,0.007349181
0.65326445,0.183387978,0.120579077,0.039245193,0.003523302
0.659793733,0.197038636,0.106603708,0.033008329,0.003555595
0.685671301,0.18213222,0.096478593,0.033555833,0.002162053
0.700198376,0.178485096,0.086247219,0.032724146,0.002345164
0.714266554,0.174678121,0.075921556,0.032341857,0.002791912
0.726227178,0.176222088,0.070853461,0.018235243,0.008462029
0.743930925,0.174695599,0.064307294,0.008968417,0.008097766
0.760586657,0.166366979,0.060993319,0.004427846,0.007625199
0.770101476,0.159924423,0.058247649,0.006310309,0.005416144
0.812799082,0.08099989,0.052633591,0.033756984,0.019810454
0.35417327,0.335461991,0.193301083,0.105029259,0.012034397
0.391427822,0.32019555,0.188734524,0.090818014,0.008824089
0.454141274,0.287886486,0.182557232,0.066225684,0.009189323
0.500597092,0.265225244,0.172466714,0.052451456,0.009259494
0.526482703,0.25424647,0.16447746,0.045208953,0.009584413
0.556269652,0.234532062,0.155907912,0.045482426,0.007807948
0.588467671,0.199201414,0.15207585,0.052085241,0.008169825
0.627778997,0.158440154,0.14509754,0.06013766,0.008545649
0.653323004,0.132933961,0.13925502,0.067294624,0.00719339
0.654641051,0.126519565,0.140284297,0.072567212,0.005987876
0.653479554,0.133302117,0.135474142,0.073380986,0.004363201
0.656667796,0.134627856,0.132417791,0.071784562,0.004501996
0.659926857,0.135981924,0.129828383,0.069250195,0.005012641
0.664476368,0.135588156,0.127674578,0.066418128,0.005842769
0.66418979,0.143118663,0.122143223,0.06543667,0.005111655
0.664767358,0.149700403,0.115445897,0.063693477,0.006392864
0.669714794,0.157094713,0.104459033,0.059553331,0.00917813
0.684734295,0.1601164,0.093324524,0.052720653,0.009104128
0.697063898,0.159801529,0.087906309,0.049784531,0.005443733
0.709037023,0.160538755,0.080038931,0.045356032,0.005029258
0.70698959,0.168724882,0.074231814,0.044542035,0.00551168
0.719385518,0.173613759,0.066949721,0.0263559,0.013695102
0.728662242,0.174384473,0.063097918,0.026163161,0.007692206
0.741431974,0.168936185,0.064111987,0.019072068,0.006447787
0.755302053,0.165607518,0.055406579,0.014335694,0.009348156
0.746605431,0.165761855,0.057966675,0.01748728,0.012178759
0.589506567,0.127802132,0.141638626,0.064682846,0.076369828
0.274740279,0.360891163,0.260291067,0.098634345,0.005443146
0.328911912,0.311296694,0.258098799,0.093014511,0.008678083
0.394073853,0.269209271,0.247930965,0.075922761,0.012863149
0.442516416,0.244412644,0.230086042,0.070491362,0.012493538
0.485712597,0.221725399,0.21239924,0.066850468,0.013312296
0.536573527,0.178946742,0.197710105,0.071343015,0.015426611
0.584487588,0.138397848,0.185421805,0.07549029,0.016202469
0.608306284,0.128011058,0.170625903,0.0807653,0.012291455
0.609221471,0.143358096,0.155346086,0.081906518,0.01016783
0.612640823,0.155420697,0.144104469,0.083556055,0.004277957
0.617937574,0.161652942,0.13758632,0.079518155,0.003305009
0.624891227,0.166154911,0.128931949,0.076130121,0.003891792
0.627596566,0.173216654,0.124996618,0.06836785,0.005822313
0.632730359,0.175950392,0.121921748,0.063939995,0.005457505
0.639755359,0.174005553,0.120039743,0.060759308,0.005440038
0.651549203,0.174627687,0.107623641,0.058440383,0.007759086
0.666615547,0.174513666,0.093681547,0.056462032,0.008727209
0.678019549,0.17822694,0.083567315,0.050979284,0.009206912
0.693925696,0.173618298,0.07762205,0.045593528,0.009240428
0.711487838,0.173995092,0.066748962,0.039874226,0.007893882
0.719357127,0.17188153,0.061805747,0.035551125,0.011404471
0.727388954,0.178732454,0.05522624,0.029276023,0.00937633
0.744454949,0.172716487,0.054888315,0.017481081,0.010459168
0.787114505,0.08881933,0.046511256,0.038464316,0.039090594
0.26265292,0.362817941,0.25947895,0.101676903,0.013373287
0.319096367,0.326245994,0.263155935,0.083376176,0.008125527
0.397713993,0.266071149,0.253074643,0.072543652,0.010596563
0.464573963,0.228364338,0.233895623,0.063402199,0.009763878
0.503913965,0.205550773,0.218020647,0.062034827,0.010479788
0.546764836,0.176968022,0.19783489,0.06789246,0.010539791
0.593297697,0.137400278,0.182418622,0.074318474,0.012564928
0.629135129,0.11476236,0.163114017,0.07994929,0.013039204
0.635923776,0.118187285,0.15291207,0.084537915,0.008438954
0.627394344,0.143510461,0.138614033,0.083152121,0.007329041
0.629417098,0.152813103,0.132712892,0.082881611,0.002175296
0.630913234,0.157591208,0.127136585,0.081259675,0.003099298
0.630974839,0.163239547,0.122445932,0.07718546,0.006154221
0.639019528,0.16467187,0.120944357,0.069595903,0.005768341
0.644646259,0.169637607,0.116628369,0.061578221,0.007509544
0.657124039,0.173129143,0.106459651,0.056918437,0.00636873
0.66268425,0.17785767,0.094465695,0.056409444,0.008582941
0.674520081,0.179474733,0.081917122,0.054706204,0.009381859
0.692727377,0.172611767,0.076213556,0.049945683,0.008501617
0.704177484,0.174046935,0.067795141,0.044269284,0.009711155
0.707274188,0.181448675,0.062521006,0.038218603,0.010537529
0.705527226,0.188752378,0.061706246,0.034769313,0.009244837
0.720452336,0.179489776,0.059249244,0.030909827,0.009898818
0.740477198,0.169260645,0.056071627,0.024480657,0.009709872
0.755437673,0.163687215,0.057300283,0.014495992,0.009078837
0.76150172,0.16781647,0.054960917,0.010080204,0.005640689
0.812205606,0.103976873,0.04050857,0.027621263,0.015687688
0.244857422,0.39805567,0.241465722,0.084570752,0.031050435
0.277673971,0.3678508,0.266845938,0.079097871,0.008531419
0.359342726,0.289539117,0.264083069,0.071951489,0.015083599
0.420332066,0.25457216,0.24354593,0.063321018,0.018228826
0.465356735,0.234678804,0.21981257,0.062438856,0.017713034
0.511944906,0.203410361,0.2018557,0.062273216,0.020515818
0.56126867,0.168377229,0.185037464,0.063042284,0.022274352
0.579769913,0.170300661,0.161288775,0.06624917,0.022391481
0.581624497,0.192852355,0.143735919,0.064874204,0.016913025
0.586046624,0.207306876,0.130989146,0.063263422,0.012393933
0.593253187,0.215919421,0.125218252,0.061598967,0.004010174
0.606800845,0.214437952,0.118149711,0.058172454,0.002439038
0.609857817,0.216090725,0.115000807,0.053442902,0.005607749
0.61979338,0.216806954,0.112223829,0.043549312,0.007626525
0.623577826,0.214113519,0.110311599,0.043161499,0.008835556
0.635698984,0.212526928,0.101732532,0.042772019,0.007269537
0.642110438,0.208840985,0.094396791,0.042990396,0.01166139
0.651543987,0.212395611,0.083604432,0.039065498,0.013390472
0.670354256,0.20654839,0.074457516,0.03688154,0.011758297
0.683693913,0.206235708,0.066006598,0.030955251,0.01310853
0.694513361,0.201445111,0.063688053,0.028066687,0.012286788
0.700582136,0.202087778,0.061098814,0.025272015,0.010959258
0.720804658,0.189234423,0.062573747,0.017169024,0.010218149
0.739404557,0.171901461,0.050761129,0.02441562,0.013517232
0.257822215,0.394076523,0.212313947,0.089881098,0.045906216
0.340833096,0.343159844,0.237479304,0.070951782,0.007575973
0.422393056,0.274971328,0.236080638,0.055721172,0.010833806
0.49180091,0.229490356,0.217864494,0.050132549,0.010711692
0.533473144,0.20755599,0.196214723,0.052188771,0.010567372
0.569990347,0.183004742,0.179215215,0.055261114,0.012528582
0.618291639,0.143336462,0.165412677,0.058755949,0.014203272
0.650984748,0.11677727,0.150546431,0.065529529,0.016162022
0.658192044,0.124017151,0.135776503,0.068787759,0.013226543
0.64885786,0.144177069,0.126596346,0.069765687,0.010603038
0.644419924,0.160004088,0.120534134,0.068717542,0.006324311
0.643738734,0.168200177,0.117439668,0.068754414,0.001867006
0.645334366,0.174887602,0.112485161,0.064907299,0.002385572
0.649905832,0.175060834,0.111033137,0.060014454,0.003985743
0.653353292,0.178893238,0.109706656,0.052446551,0.005600263
0.658891042,0.186001977,0.099661917,0.051418034,0.004027031
0.665467861,0.189871248,0.088176877,0.049439999,0.007044015
0.683073694,0.187887608,0.074258276,0.048188409,0.006592013
0.692378861,0.186574426,0.069029003,0.041810073,0.010207637
0.709345975,0.187675977,0.056987011,0.037619245,0.008371792
0.706961185,0.190168893,0.058002212,0.034482662,0.010385048
0.712642339,0.188305828,0.05954165,0.028992957,0.010517226
0.723041864,0.188112528,0.054436391,0.024233875,0.010175342
0.738154062,0.176870584,0.056924475,0.018548998,0.00950188
0.754822423,0.168653306,0.057268161,0.007559449,0.011696661
0.758575357,0.166099157,0.058614355,0.007461312,0.00924982
0.594593096,0.141513608,0.10411542,0.076120418,0.083657458
0.306025058,0.365006429,0.264422181,0.057990628,0.006555704
0.340409894,0.317570597,0.273070667,0.059053687,0.009895155
0.411037478,0.271557452,0.254888153,0.047343545,0.015173372
0.451015618,0.263470684,0.226218138,0.044249916,0.015045644
0.485372578,0.246337265,0.196567588,0.051653796,0.020068773
0.531462629,0.219518614,0.173208337,0.05478467,0.021025751
0.556988721,0.212476867,0.151641537,0.05686763,0.022025245
0.559246562,0.226132195,0.131676568,0.05950339,0.023441285
0.563795236,0.234185486,0.121343237,0.059036098,0.021639942
0.572405578,0.238632699,0.114523893,0.05867396,0.01576387
0.591102389,0.236071726,0.113159353,0.052011281,0.007655252
0.636203946,0.212093752,0.105139621,0.044955401,0.00160728
0.649392919,0.203861484,0.105588992,0.033003684,0.00815292
0.635351015,0.220185799,0.10726027,0.030143687,0.007059228
0.648871422,0.20753645,0.103077847,0.032706329,0.007807951
0.656152803,0.200996067,0.096990105,0.035506642,0.010354384
0.655088879,0.211669565,0.090795516,0.030696329,0.011749711
0.680109768,0.199221331,0.08305157,0.022728098,0.014889234
0.703283334,0.189525324,0.077739502,0.018808502,0.010643338
0.705287773,0.192399387,0.073082285,0.017630326,0.011600229
0.700937683,0.198121726,0.071684507,0.016314566,0.012941518
0.71112469,0.191914648,0.073081546,0.009731949,0.014147167
0.72189658,0.184608177,0.075180225,0.004024768,0.014290251
0.725899906,0.185467938,0.070490991,0.006045828,0.012095337
0.729603467,0.179250599,0.072747679,0.009547894,0.008850361
0.682339111,0.134534053,0.09226182,0.031489048,0.059375967
0.427846964,0.320745957,0.116792494,0.112828543,0.021786043
0.523241972,0.281641388,0.125940845,0.054382752,0.014793042
0.594233478,0.228001682,0.112857119,0.047180871,0.01772685
0.6910303,0.215579299,0.031079273,0.050280249,0.012030879
0.711284483,0.196414481,0.026094016,0.045829058,0.020377961
0.73856245,0.17980694,0.011022356,0.054825382,0.015782873
0.746893081,0.151666851,0.029038214,0.060317978,0.012083876
0.743334576,0.146822642,0.036798927,0.059233492,0.013810363
0.73182757,0.142714449,0.0457875,0.062992938,0.016677543
0.71828963,0.137502675,0.050876309,0.071398275,0.021933111
0.698879232,0.141684973,0.055677714,0.075452156,0.028305924
0.677429488,0.165260979,0.054084613,0.077054464,0.026170456
0.663522297,0.181412046,0.056400208,0.073326589,0.02533886
0.67144052,0.171970965,0.063405819,0.070617543,0.022565153
0.680888576,0.165157507,0.075753653,0.06728231,0.010917954
0.677089134,0.166824454,0.080870576,0.062296013,0.012919822
0.655571675,0.178267049,0.090989865,0.066065928,0.009105484
0.646159213,0.190647833,0.098790105,0.060519916,0.003882933
0.649742416,0.177579001,0.110290183,0.056922874,0.005465527
0.654076146,0.177222742,0.115540684,0.048650089,0.004510339
0.630933055,0.199799347,0.121012204,0.042746189,0.005509205
0.620915505,0.216070236,0.115729687,0.04320673,0.004077841
0.627428378,0.211975661,0.116167905,0.038300427,0.006127629
0.630746112,0.212267265,0.119570152,0.032098618,0.005317853
0.634025375,0.215708642,0.122013084,0.018767654,0.009485245
0.629634882,0.222416972,0.123447711,0.017010538,0.007489896
0.627339736,0.221761558,0.122755815,0.015588559,0.012554332
0.633259498,0.211571393,0.133324303,0.011479968,0.010364838
0.64789387,0.19541821,0.133130902,0.009102715,0.014454304
0.661745062,0.182542581,0.138755383,0.007984374,0.0089726
0.5780964,0.13847988,0.124385025,0.065353709,0.093684986
0.455367074,0.269762305,0.180588165,0.081467084,0.012815372
0.497545264,0.228434983,0.178057929,0.080357253,0.015604572
0.571083726,0.170180691,0.172586535,0.065859714,0.020289334
0.620093826,0.148740696,0.154641192,0.057791831,0.018732455
0.637998991,0.143008028,0.143521635,0.053698495,0.021772851
0.661280006,0.127572587,0.135083518,0.048733034,0.027330855
0.684299801,0.108709215,0.127334078,0.042548693,0.037108213
0.700167193,0.100883665,0.120678651,0.044824901,0.033445589
0.704454884,0.114550827,0.112053888,0.049304019,0.019636381
0.694342374,0.133553356,0.108081423,0.048909924,0.015112922
0.688101685,0.147106955,0.105503125,0.047470444,0.011817791
0.688135469,0.154434347,0.106016984,0.043959703,0.007453498
0.689516979,0.151924817,0.105683583,0.044008026,0.008866596
0.687730682,0.153334126,0.10585648,0.042385289,0.010693424
0.689811831,0.153740579,0.103353235,0.040822583,0.012271773
0.684814441,0.165777384,0.098253698,0.040276394,0.010878083
0.686746179,0.169397638,0.088119987,0.040208889,0.015527307
0.693044964,0.166758776,0.083888489,0.041578193,0.014729579
0.70279081,0.163888961,0.079059725,0.039196536,0.015063968
0.70429941,0.170248993,0.074954428,0.03568259,0.014814579
0.700770814,0.18117695,0.068483502,0.033517418,0.016051315
0.71421077,0.179797811,0.063767422,0.027298457,0.01492554
0.722982426,0.16823022,0.065892909,0.024412893,0.018481552
0.734886758,0.170786751,0.06140948,0.019470534,0.013446477
0.737824058,0.175188936,0.059100244,0.007669306,0.020217456
0.760420349,0.166586164,0.053443259,0.007616875,0.011933352
0.767816323,0.159639593,0.049444625,0.010079415,0.013020044
0.799615041,0.137324916,0.041518084,0.007785658,0.013756301
0.835315254,0.113859198,0.032508869,0.011018172,0.007298507
0.384355725,0.28097397,0.126129497,0.114691918,0.09384889
0.411337073,0.323086875,0.179022469,0.078626805,0.007926778
0.455991905,0.272456834,0.182508095,0.074866775,0.014176391
0.500824486,0.236679106,0.17821574,0.067144918,0.017135751
0.529986327,0.221035628,0.174209681,0.058489914,0.01627845
0.559657578,0.205836599,0.168767761,0.048841416,0.016896646
0.602914321,0.177147631,0.162184096,0.041766249,0.015987703
0.621014437,0.173475185,0.150599607,0.038953457,0.015957314
0.627342435,0.185683895,0.136359662,0.038174883,0.012439125
0.631880418,0.197429946,0.126169408,0.037174147,0.007346082
0.638717874,0.200211329,0.12504169,0.033156043,0.002873064
0.638558736,0.204979692,0.123193082,0.029303122,0.003965368
0.639122059,0.204127386,0.11957466,0.03042623,0.006749665
0.643743371,0.202787756,0.118502238,0.027597094,0.007369542
0.645805341,0.201906621,0.11693428,0.02922168,0.006132078
0.654758191,0.198103426,0.114479653,0.025217608,0.007441122
0.668846027,0.191222088,0.108621543,0.021129887,0.010180454
0.68178053,0.191267807,0.099457521,0.017365594,0.010128549
0.690917423,0.187362421,0.093906197,0.018718707,0.009095252
0.706258092,0.179131483,0.082829767,0.021720678,0.01005998
0.71508269,0.174365173,0.082051189,0.018889047,0.009611901
0.725878963,0.178913602,0.072557629,0.012832435,0.009817371
0.742658654,0.170774918,0.069564576,0.005868109,0.011133742
0.75983248,0.160199756,0.065150456,0.005414397,0.009402911
0.772946867,0.145046958,0.064927993,0.007971596,0.009106586
0.774010499,0.146350458,0.062629518,0.005767628,0.011241897
0.797632687,0.131296798,0.054264738,0.009483371,0.007322405
0.805169564,0.121459889,0.050826072,0.015052174,0.007492301
0.809254406,0.114169681,0.038466951,0.019611843,0.018497118
0.295133359,0.387523217,0.229796336,0.061398949,0.02614814
0.328866817,0.358341374,0.258382134,0.050960409,0.003449266
0.395846248,0.293701223,0.251178637,0.047356609,0.011917283
0.444266299,0.274500578,0.223827569,0.042344431,0.015061122
0.478157725,0.267330655,0.199430499,0.041354117,0.013727003
0.520244135,0.24470841,0.181875123,0.039569709,0.013602623
0.550701604,0.230319175,0.164102063,0.040668323,0.014208835
0.563411111,0.233404552,0.143170217,0.04573771,0.01427641
0.563169569,0.246763326,0.130382455,0.048631366,0.011053285
0.57296653,0.251759864,0.122704516,0.046009209,0.006559881
0.588079803,0.248838528,0.116670169,0.042630634,0.003780866
0.602260866,0.239555247,0.116126715,0.038038397,0.004018775
0.610049119,0.23435837,0.116546139,0.032856229,0.006190142
0.619583625,0.22892966,0.116841071,0.027627969,0.007017676
0.628219659,0.220792331,0.112632864,0.029082112,0.009273034
0.632573161,0.221820979,0.108261279,0.029160428,0.008184154
0.640848331,0.22030021,0.101052772,0.027976072,0.009822615
0.654600741,0.215005069,0.098017264,0.020745381,0.011631545
0.664972483,0.214155154,0.08828703,0.021289555,0.011295779
0.676691367,0.212176567,0.083896562,0.018610582,0.008624922
0.686434678,0.207489569,0.07885783,0.017899698,0.009318224
0.697494486,0.198961952,0.076495751,0.015922345,0.011125466
0.710013506,0.193426998,0.081938285,0.005390951,0.00923026
0.724964143,0.184694922,0.076621826,0.004775,0.008944109
0.722720615,0.184529049,0.07947246,0.006434012,0.006843864
0.734851995,0.176290199,0.075697718,0.007471611,0.005688478
0.742990471,0.161275092,0.077517258,0.009835101,0.008382078
0.747827101,0.151227893,0.078001559,0.013443136,0.009500311
0.760548635,0.135182036,0.067637429,0.022014068,0.014617831
0.751903899,0.128855163,0.090492916,0.018101986,0.010646036
0.286004533,0.386693405,0.226625431,0.04927459,0.051402041
0.308736523,0.366125894,0.274487609,0.042636292,0.008013682
0.370767553,0.295514437,0.275855999,0.04157092,0.016291091
0.409116554,0.279945338,0.246434071,0.044708632,0.019795404
0.443062231,0.27200061,0.22033428,0.048213053,0.016389825
0.486245176,0.245644596,0.200977403,0.051343361,0.015789463
0.524247988,0.226512274,0.179276188,0.054830338,0.015133212
0.538568047,0.231715344,0.157376763,0.056716288,0.015623558
0.546158196,0.240550209,0.143776205,0.057544934,0.011970456
0.554690072,0.247705316,0.134478797,0.055953429,0.007172386
0.573329737,0.244013384,0.131554647,0.049241036,0.001861195
0.591282545,0.233256008,0.128528247,0.043283938,0.003649261
0.595406751,0.236965391,0.125550833,0.035790634,0.006286391
0.60598031,0.234976821,0.123214442,0.026379491,0.009448936
0.617283742,0.230367801,0.119445107,0.02245691,0.010446439
0.622333778,0.231847906,0.112754347,0.024864058,0.008199911
0.636596453,0.22330546,0.106553593,0.024024839,0.009519655
0.648990221,0.211340496,0.106916711,0.018278004,0.014474568
0.659112838,0.21308976,0.097768811,0.017389443,0.012639148
0.667679797,0.21272933,0.095428678,0.010281744,0.013880451
0.673631346,0.211761701,0.093298071,0.010240639,0.011068244
0.680570053,0.211297909,0.092229057,0.006564057,0.009338925
0.68949458,0.200689115,0.091739982,0.007406286,0.010670038
0.694503322,0.193667125,0.092713184,0.010159627,0.008956742
0.706684112,0.188268177,0.089603273,0.007980557,0.007463881
0.708105287,0.189733194,0.086238998,0.009179608,0.006742912
0.724312718,0.172556858,0.088236758,0.010394087,0.004499579
0.729070121,0.157559799,0.09153412,0.014923142,0.006912818
0.732319106,0.150104421,0.092624293,0.016829336,0.008122844
0.734616655,0.134483846,0.086392086,0.028955307,0.015552106
0.276649269,0.383199111,0.224503035,0.06365379,0.051994796
0.283533769,0.366067433,0.285542908,0.053175662,0.011680227
0.353816494,0.299702089,0.27562916,0.053295327,0.017556929
0.410062026,0.266035171,0.249521141,0.054666209,0.019715453
0.453636453,0.250585006,0.221830953,0.056007525,0.017940062
0.50598367,0.222863113,0.197462554,0.055404704,0.018285959
0.550427955,0.200477842,0.176088037,0.052469405,0.020536761
0.56829301,0.202487691,0.154925819,0.052634766,0.021658714
0.575465061,0.221298288,0.135655774,0.05327541,0.014305466
0.585036562,0.228131185,0.125239527,0.051809272,0.009783454
0.598945731,0.228203555,0.121988858,0.046597543,0.004264313
0.613328073,0.220613338,0.117501115,0.040920021,0.007637453
0.621676928,0.214954196,0.115690658,0.036656221,0.011021998
0.62871285,0.210833035,0.117143019,0.03147654,0.011834557
0.630949285,0.20783204,0.11783783,0.028710952,0.014669893
0.642321158,0.206226588,0.11262672,0.025662165,0.013163369
0.652003307,0.201297048,0.107251176,0.026916119,0.01253235
0.65888242,0.201533979,0.098590476,0.023919802,0.017073323
0.676428515,0.195595985,0.091517243,0.02244429,0.014013967
0.684306689,0.194772619,0.08652674,0.019501995,0.014891958
0.688867282,0.196088773,0.08374899,0.0165968,0.014698155
0.697898825,0.194267841,0.082893011,0.010860765,0.014079558
0.70807664,0.185587418,0.080086964,0.010954966,0.015294013
0.723207727,0.174107361,0.080398061,0.00871439,0.01357246
0.722203313,0.175903164,0.079802658,0.006317804,0.015773061
0.730505528,0.171429363,0.080383235,0.005126319,0.012555554
0.738641695,0.164216764,0.082106425,0.006901417,0.008133698
0.75161718,0.142322009,0.08730832,0.00629773,0.01245476
0.756408504,0.132083881,0.091221536,0.008203124,0.012082954
0.763311443,0.122375001,0.093475869,0.012355572,0.008482115
0.756745397,0.124785442,0.092151868,0.014285915,0.012031378
0.760895698,0.122534134,0.096911912,0.009152775,0.01050548
0.660116787,0.17704452,0.11118907,0.028039671,0.023609952
0.343072082,0.336328502,0.20621393,0.093127323,0.021258163
0.407081498,0.305836011,0.211072649,0.067088412,0.008921432
0.480864516,0.265547386,0.189223077,0.055446009,0.008919012
0.547602355,0.226391813,0.166879131,0.049759132,0.009367569
0.587074975,0.205956526,0.151781095,0.047381965,0.007805439
0.61276673,0.191014409,0.138150164,0.047651151,0.010417546
0.676831865,0.151436578,0.132682948,0.029021799,0.01002681
0.725591999,0.129053598,0.116697806,0.020693064,0.007963533
0.744949797,0.108245566,0.107929036,0.030236567,0.008639034
0.746722516,0.106227189,0.105901114,0.036387693,0.004761487
0.726327638,0.122701666,0.104958046,0.038434988,0.007577662
0.701783073,0.14213397,0.100003477,0.040952119,0.01512736
0.69008472,0.154067035,0.095208478,0.042274404,0.018365362
0.68401501,0.155017601,0.096508272,0.039956566,0.024502552
0.68915127,0.157396441,0.093519708,0.037940205,0.021992376
0.681406637,0.174055633,0.089284177,0.036952776,0.018300776
0.671538855,0.196400669,0.07935277,0.036508516,0.01619919
0.666267029,0.205967535,0.072259263,0.03852474,0.016981435
0.693294355,0.185799799,0.065506486,0.040044107,0.015355252
0.680653103,0.208159322,0.062471815,0.033377007,0.015338752
0.688254246,0.211581371,0.057357659,0.0277657,0.015041024
0.673888202,0.229872509,0.054168464,0.028330198,0.013740628
0.690481593,0.221566109,0.049202534,0.026351628,0.012398137
0.699785181,0.214757525,0.045629394,0.027385382,0.012442517
0.709914742,0.209047977,0.048214522,0.019092661,0.013730098
0.711324342,0.227585479,0.045339011,0.00843439,0.007316778
0.710018992,0.214924134,0.048712134,0.011826678,0.014518062
0.720021533,0.212758727,0.041672392,0.015058751,0.010488597
0.743044512,0.193413857,0.038967333,0.010053107,0.01452119
0.727285037,0.198529556,0.047988032,0.015927731,0.010269643
0.749369037,0.161951517,0.056221795,0.020096216,0.012361434
0.760794237,0.141050516,0.064529402,0.023074814,0.01055103
0.756446913,0.139531959,0.073144508,0.017934777,0.012941844
0.740777626,0.125114803,0.085426603,0.035425565,0.013255403
0.263993544,0.367938505,0.252131751,0.086838271,0.029097929
0.326725062,0.321081748,0.270928626,0.065001047,0.016263518
0.416710024,0.251389543,0.255067879,0.058728971,0.018103583
0.491910322,0.207777807,0.227016174,0.058305494,0.014990204
0.54601203,0.185234454,0.202209438,0.055492231,0.011051847
0.58540476,0.166600507,0.18283744,0.055560634,0.00959666
0.631474285,0.132393723,0.165563977,0.06173404,0.008833975
0.666878292,0.106260051,0.150711259,0.065538857,0.010611541
0.675199838,0.107920536,0.136689756,0.070586265,0.009603604
0.663343827,0.13142991,0.126319055,0.070637561,0.008269647
0.652495318,0.150871502,0.124366775,0.06548178,0.006784625
0.651617547,0.157004302,0.120220757,0.063210289,0.007947104
0.644415676,0.161637086,0.120667429,0.059827895,0.013451915
0.648862244,0.157886733,0.119071469,0.057649928,0.016529626
0.656242044,0.159709695,0.117206871,0.054773208,0.012068183
0.652391914,0.170853217,0.110186293,0.051267651,0.015300926
0.656600698,0.178874963,0.104811078,0.045514102,0.014199159
0.668704609,0.181099579,0.09683503,0.040197479,0.013163303
0.678940545,0.172506578,0.094300641,0.041070878,0.013181357
0.679742443,0.174289613,0.090715487,0.042898638,0.012353819
0.677809313,0.183504039,0.0869639,0.038124302,0.013598446
0.673666081,0.187670647,0.08995215,0.034272984,0.014438138
0.677212009,0.195042703,0.09110043,0.027669307,0.00897555
0.683229259,0.185349419,0.096982663,0.025031997,0.009406662
0.690676573,0.182371953,0.097316937,0.020929889,0.008704648
0.68752734,0.187648849,0.099262485,0.017612902,0.007948423
0.699346398,0.178864062,0.099681419,0.012687289,0.009420833
0.716473738,0.164270578,0.103843877,0.005688322,0.009723485
0.719581552,0.149216265,0.111184612,0.008067895,0.011949676
0.735950379,0.133962339,0.111553927,0.010146007,0.008387349
0.730239008,0.135037235,0.115786308,0.011718467,0.007218981
0.734157086,0.120684286,0.122503165,0.012208077,0.010447386
0.49780547,0.142895201,0.163418972,0.061999066,0.133881291
0.42263361,0.307113967,0.176813332,0.08023764,0.013201451
0.465931107,0.298749348,0.167186679,0.058580572,0.009552293
0.534127908,0.259513156,0.150514739,0.05025899,0.005585207
0.577871313,0.225723762,0.129286437,0.056090963,0.011027524
0.59126635,0.20680425,0.136128251,0.063100776,0.002700373
0.616235866,0.183218149,0.12684067,0.065421583,0.008283732
0.678182304,0.141016173,0.105630017,0.060451808,0.014719697
0.721049337,0.139644427,0.083757141,0.041029948,0.014519146
0.73436962,0.126948246,0.082146089,0.045024485,0.011511561
0.743925334,0.117829772,0.08391151,0.04976196,0.004571423
0.71534006,0.143440209,0.084446842,0.051862252,0.004910637
0.695391907,0.161090942,0.081867506,0.052807832,0.008841813
0.680154526,0.169931616,0.079841333,0.054836289,0.015236235
0.678760649,0.166742915,0.076428163,0.059849066,0.018219207
0.67745753,0.170992883,0.071356459,0.067348323,0.012844805
0.665467352,0.184655226,0.061296391,0.070964413,0.017616619
0.665095776,0.19688851,0.049211112,0.07320925,0.015595352
0.676042825,0.189616454,0.045008269,0.075413285,0.013919168
0.669346219,0.190875357,0.048639171,0.074779009,0.016360244
0.654308963,0.207782932,0.056871085,0.070362661,0.010674359
0.642874618,0.216072045,0.057732215,0.069234193,0.01408693
0.630752847,0.231673535,0.060358389,0.064669822,0.012545407
0.62468171,0.232077008,0.073553506,0.061474725,0.008213051
0.630595207,0.232463041,0.072191433,0.053601129,0.011149191
0.63487862,0.235750594,0.076237568,0.049562213,0.003571006
0.633672542,0.231761846,0.082737057,0.041582607,0.010245948
0.626288882,0.23291877,0.089841267,0.040334704,0.010616377
0.63401668,0.218870815,0.09990446,0.03587835,0.011329694
0.645967477,0.194905658,0.10897968,0.03522147,0.014925715
0.659012201,0.185729456,0.116084029,0.029532208,0.009642105
0.694619382,0.118003124,0.118238628,0.027198868,0.041939997
0.356927103,0.346371061,0.170632315,0.094141836,0.031927685
0.432402818,0.310306772,0.175090875,0.070700462,0.011499074
0.507985562,0.263203531,0.15922262,0.055926755,0.013661531
0.56637965,0.227459113,0.1442814,0.047920174,0.013959663
0.602029957,0.208033074,0.13497499,0.044183375,0.010778604
0.618558648,0.197364797,0.132768618,0.040582832,0.010725104
0.67581121,0.161860747,0.126185029,0.027126312,0.009016702
0.720776544,0.130210424,0.116197169,0.022288643,0.01052722
0.735120003,0.113194977,0.109311054,0.033474095,0.008899872
0.737148559,0.108135729,0.108787276,0.043249158,0.002679277
0.715853021,0.121553836,0.109200239,0.045457937,0.007934966
0.69985445,0.139276129,0.105570995,0.04597858,0.009319846
0.685911154,0.146597378,0.105234588,0.046473894,0.015782986
0.684615614,0.146650892,0.106136406,0.043406834,0.019190254
0.688956557,0.146242609,0.106978332,0.042142607,0.015679895
0.685536812,0.155339886,0.102664236,0.041975311,0.014483756
0.673841465,0.17166885,0.097069688,0.044331986,0.013088012
0.678556038,0.175064257,0.08866657,0.043391129,0.014322007
0.688797116,0.175566338,0.081792999,0.03831453,0.015529018
0.699915526,0.173241301,0.079511248,0.034843998,0.012487927
0.691969724,0.185259607,0.075498543,0.033225329,0.014046797
0.676432067,0.206697638,0.071013657,0.032646909,0.013209728
0.683339053,0.204120679,0.069887441,0.031099203,0.011553624
0.680196856,0.213299818,0.068042192,0.025764247,0.012696887
0.700478053,0.211751457,0.060541141,0.017013031,0.010216317
0.70054686,0.212926345,0.061908861,0.01630145,0.008316484
0.677242224,0.219421523,0.070579799,0.016636662,0.016119794
0.705038336,0.194390121,0.063488993,0.01558256,0.02149999
0.685653714,0.173148231,0.055927169,0.030958999,0.054311887
0.729448685,0.177178323,0.070166797,0.01231246,0.010893735
0.758154881,0.119521739,0.083572523,0.022414661,0.016336196
0.221255353,0.404463258,0.20382333,0.078795645,0.091662414
0.270827951,0.370297431,0.277387293,0.06775632,0.013731005
0.343526999,0.293041453,0.278822123,0.069067735,0.01554169
0.41166966,0.257665123,0.251383799,0.063833065,0.015448353
0.457483491,0.254930509,0.214364068,0.059999089,0.013222843
0.502814794,0.240746842,0.187183078,0.058835041,0.010420245
0.546777116,0.224749512,0.162002125,0.055926917,0.010544329
0.564620247,0.230122078,0.137968543,0.054334386,0.012954746
0.574564869,0.242089206,0.116884694,0.055714999,0.010746233
0.578576173,0.25474368,0.107255351,0.051516894,0.007907902
0.583825669,0.261199548,0.104470565,0.045019357,0.005484862
0.607366524,0.248065261,0.102994767,0.038398634,0.003174813
0.617344626,0.235332954,0.103656357,0.035171056,0.008495008
0.620265285,0.233221265,0.106053858,0.030982468,0.009477123
0.62590029,0.225606605,0.106798464,0.030290334,0.011404307
0.622389583,0.230981071,0.103177655,0.03162453,0.011827161
0.627374017,0.2315208,0.097442506,0.033005687,0.010656989
0.644914691,0.215598938,0.093051829,0.029716162,0.016718379
0.64753647,0.224248743,0.083956512,0.029328366,0.014929909
0.650010697,0.227718596,0.083732735,0.024438039,0.014099933
0.644024151,0.237772305,0.082886326,0.019415185,0.015902032
0.657684882,0.230437736,0.079728121,0.018246897,0.013902363
0.665641663,0.220179105,0.083057741,0.014805961,0.016315528
0.684131829,0.211156023,0.082630061,0.010739814,0.011342273
0.694736431,0.205702542,0.084052694,0.003861412,0.011646921
0.696544236,0.205300633,0.089427977,0.004371422,0.004355731
0.702915452,0.199429337,0.081808651,0.006017656,0.009828903
0.722175506,0.172297122,0.091539667,0.006925049,0.007062656
0.7265356,0.166299504,0.088245627,0.007425511,0.011493759
0.715753212,0.169294708,0.097811028,0.010132823,0.007008228
0.709319412,0.17051161,0.101641578,0.007721432,0.010805967
0.710606988,0.168460056,0.098293102,0.012142534,0.01049732
0.675307013,0.184965742,0.093790728,0.031463613,0.014472903
0.350644934,0.35259651,0.239623848,0.045442587,0.011692121
0.313984933,0.358587876,0.2558087,0.059822016,0.011796475
0.312851938,0.365802811,0.244311484,0.059282808,0.017750959
0.312019854,0.386115679,0.2209595,0.058623565,0.022281402
0.33558983,0.391995702,0.200072679,0.053658998,0.018682791
0.365183551,0.386299354,0.186010471,0.048350487,0.014156137
0.381671906,0.385947857,0.164316248,0.050341557,0.017722433
0.393819062,0.397156239,0.144894005,0.048797692,0.015333001
0.405049703,0.401999716,0.133536556,0.04525325,0.014160774
0.435456684,0.385669129,0.132349823,0.038764624,0.00775974
0.459089879,0.373682028,0.130972608,0.033000731,0.003254754
0.473592893,0.364494925,0.131499526,0.025891546,0.00452111
0.484157368,0.35983742,0.129368357,0.017827408,0.008809447
0.503501633,0.345246296,0.124650269,0.01658174,0.010020062
0.509280578,0.334321824,0.123725757,0.024268874,0.008402968
0.515951649,0.329165662,0.118092278,0.023492344,0.013298067
0.529024786,0.326872526,0.110621665,0.019203407,0.014277616
0.538428649,0.327661426,0.102775755,0.016858443,0.014275728
0.561912799,0.309902955,0.100850009,0.01715026,0.010183978
0.571953473,0.299193568,0.096730014,0.017874316,0.014248628
0.586124957,0.290557749,0.090541764,0.017464087,0.015311444
0.599803105,0.279402739,0.091303917,0.014488045,0.015002193
0.616255282,0.269895161,0.086613496,0.012703506,0.014532554
0.628895598,0.261852254,0.087818222,0.011473146,0.009960781
0.633690185,0.258642955,0.087485962,0.011966457,0.008214441
0.638151596,0.25261274,0.082699679,0.017371599,0.009164387
0.643161262,0.243242125,0.085417988,0.0180296,0.010149025
0.646162859,0.241120273,0.085520064,0.016447633,0.010749171
0.649500399,0.241595656,0.084583675,0.016825004,0.007495266
0.637450793,0.242361326,0.092906454,0.017916186,0.009365241
0.640677214,0.240305103,0.089057851,0.020402358,0.009557474
0.646406627,0.227120043,0.093830737,0.021133794,0.011508799
0.654368956,0.22999259,0.090209145,0.017113659,0.008315649
0.264182342,0.415602237,0.186351472,0.052168721,0.081695228
0.28396249,0.388648291,0.267403561,0.048964721,0.011020937
0.292060919,0.353475416,0.283478907,0.058325859,0.012658899
0.307488109,0.356641967,0.261645368,0.060184513,0.014040043
0.326227696,0.373656409,0.227169085,0.059935971,0.013010839
0.365676558,0.358321661,0.197986515,0.059546062,0.018469205
0.403408968,0.343206192,0.174721681,0.055211029,0.02345213
0.432164201,0.340903919,0.148677911,0.049911837,0.028342132
0.4524656,0.347234478,0.134971685,0.041507845,0.023820392
0.472795036,0.348121112,0.127429747,0.034885079,0.016769027
0.497510768,0.33954843,0.122920904,0.026079333,0.013940565
0.524253908,0.32392111,0.121731368,0.018399143,0.011694471
0.54714907,0.307869642,0.121650042,0.013826488,0.009504759
0.559880207,0.296136508,0.122725342,0.012467511,0.008790433
0.558998997,0.294372914,0.121907959,0.013116972,0.011603159
0.560709303,0.279793313,0.12574516,0.019757008,0.013995216
0.575907706,0.272570397,0.120720651,0.017944503,0.012856743
0.579971609,0.274360885,0.114868178,0.015331609,0.015467719
0.591249968,0.268957994,0.110493741,0.012540509,0.016757788
0.606553002,0.262146573,0.108112364,0.008911425,0.014276637
0.609176181,0.258828402,0.107226251,0.005448603,0.019320562
0.610100111,0.253691187,0.111099933,0.007575633,0.017533135