harm_one,harm_two,harm_three,harm_four,harm_five
0.409972393,0.260472537,0.230748757,0.084533775,0.014272539
0.336729726,0.36954596,0.142700042,0.084085032,0.066939239
0.298247223,0.454187831,0.12189007,0.045441711,0.080233166
0.281130037,0.452330365,0.115088687,0.075685089,0.075765822
0.303831382,0.435869165,0.091975423,0.111722681,0.056601349
0.290037629,0.474072444,0.0522967,0.132071836,0.051521391
0.333434235,0.426915461,0.042986822,0.151163471,0.045500012
0.388604264,0.350084786,0.071555453,0.161450217,0.02830528
0.337239307,0.345483808,0.113831866,0.18482858,0.018616439
0.432914516,0.276703532,0.126124031,0.151118165,0.013139756
0.474082929,0.23602972,0.154888011,0.123659853,0.011339488
0.414148547,0.165511397,0.243006268,0.14180511,0.035528678
0.333496389,0.305109446,0.21007948,0.128397523,0.022917162
0.351686273,0.283228697,0.219381782,0.12105073,0.024652518
0.447600338,0.208941106,0.199103817,0.112335966,0.032018773
0.441604876,0.275807382,0.176589303,0.080663496,0.025334944
0.57417279,0.167578457,0.164395605,0.067413035,0.026440112
0.59309684,0.198445062,0.142214743,0.044126542,0.022116813
0.58594211,0.192528784,0.132865483,0.068247947,0.020415676
0.735673385,0.024504443,0.12212173,0.105916218,0.011784224
0.404076,0.274088961,0.110916462,0.14666995,0.064248626
0.386635276,0.331403092,0.132575063,0.069313128,0.080073442
0.334065624,0.407774934,0.12441376,0.059590116,0.074155566
0.270341532,0.435595459,0.116786525,0.100816476,0.076460008
0.321941976,0.41480793,0.084872371,0.115428219,0.062949504
0.416131109,0.36246266,0.054714106,0.117176048,0.049516078
0.42942161,0.328949793,0.049353106,0.151406681,0.040868811
0.467588041,0.263899403,0.058307616,0.178028811,0.03217613
0.418103519,0.261382241,0.106719199,0.189377616,0.024417425
0.434544167,0.170712554,0.188737156,0.174007756,0.031998367
0.419649151,0.138348096,0.26845684,0.146223542,0.027322371
0.386125774,0.158370918,0.279127704,0.171089365,0.00528624
0.406739175,0.125192923,0.29942435,0.161791982,0.00685157
0.413886227,0.144282726,0.304295733,0.126432571,0.011102744
0.337879997,0.25901294,0.291049438,0.102534905,0.009522719
0.374853212,0.235584127,0.29107227,0.08941989,0.009070501
0.481135671,0.160305109,0.271944003,0.078163465,0.008451752
0.497810813,0.193870793,0.236345414,0.060748029,0.011224952
0.534806248,0.184481802,0.196931842,0.071337314,0.012442794
0.519606153,0.189334335,0.15587699,0.092619272,0.04256325
0.34849991,0.34076069,0.15689824,0.07373084,0.08011032
0.28036235,0.440414476,0.149786543,0.054130068,0.075306564
0.146752082,0.513505839,0.160698882,0.093584838,0.085458359
0.209306165,0.489526178,0.122142798,0.112950999,0.06607386
0.331705266,0.438547478,0.072749656,0.109667544,0.047330056
0.342040313,0.416730136,0.066130913,0.136746042,0.038352596
0.366751433,0.393536429,0.07353375,0.142212377,0.023966012
0.318513369,0.392416808,0.135769059,0.143441253,0.009859511
0.292471607,0.363906713,0.227610893,0.104892317,0.01111847
0.264378225,0.331004583,0.306226621,0.091005186,0.007385385
0.324620436,0.284389555,0.269217611,0.099351485,0.022420913
0.320104961,0.329495185,0.253668279,0.075276221,0.021455354
0.376168236,0.302554248,0.240846258,0.059717354,0.020713905
0.384937544,0.280182075,0.250278459,0.065225151,0.019376771
0.383641367,0.246439329,0.279412312,0.069504925,0.021002067
0.454519715,0.137594046,0.307750131,0.077245026,0.022891082
0.453542209,0.144492657,0.300795524,0.08154029,0.01962932
0.483583722,0.078802638,0.311506797,0.101334238,0.024772605
0.500069161,0.307986546,0.146398544,0.022109601,0.023436148
0.360029957,0.424340274,0.172160341,0.009574931,0.033894497
0.406768249,0.375500156,0.171115599,0.013293033,0.033322963
0.282769486,0.445027681,0.201971966,0.032988117,0.03724275
0.206179251,0.526589458,0.184199339,0.045811405,0.037220547
0.251531054,0.494161408,0.156635102,0.05500995,0.042662485
0.311911068,0.423259771,0.153302994,0.06607188,0.045454287
0.347598159,0.349031057,0.170565841,0.089281048,0.043523895
0.431571263,0.219600698,0.195308688,0.110077407,0.043441944
0.51511929,0.126380541,0.195148775,0.116833581,0.046517813
0.38971582,0.241014602,0.233920357,0.098007055,0.037342166
0.355332711,0.268858791,0.264996782,0.075809387,0.035002329
0.41427865,0.134771928,0.350086171,0.061491902,0.03937135
0.258517377,0.257693267,0.377985639,0.058382666,0.047421052
0.412021788,0.330448286,0.153948224,0.04748558,0.056096123
0.378617892,0.368663543,0.162178261,0.036964814,0.053575491
0.234684527,0.420965558,0.202771932,0.078836753,0.06274123
0.268867959,0.406515963,0.185683433,0.095982277,0.042950369
0.358255258,0.34372127,0.166754289,0.103059403,0.028209779
0.331649733,0.323301821,0.194983923,0.129698065,0.020366458
0.355896188,0.27893897,0.194955051,0.152696511,0.01751328
0.296477461,0.26342932,0.246113538,0.165014918,0.028964763
0.236282367,0.292579454,0.308129204,0.131608658,0.031400317
0.202641998,0.286359055,0.369402619,0.099895236,0.041701092
0.338452336,0.234795924,0.283778614,0.095449136,0.04752399
0.344284977,0.297188501,0.235896955,0.082368954,0.040260613
0.374252288,0.326545553,0.210115364,0.05533893,0.033747864
0.399582953,0.325335178,0.211451675,0.036129061,0.027501133
0.419979469,0.268346041,0.244909876,0.041096994,0.025667621
0.418737433,0.253420509,0.262174974,0.038281362,0.027385722
0.488779377,0.316341403,0.137160961,0.015195606,0.042522653
0.463551506,0.354874955,0.137612262,0.009248195,0.034713083
0.335122357,0.430591556,0.161444635,0.037403911,0.035437541
0.398628682,0.397869991,0.14032378,0.045416883,0.017760664
0.503900636,0.324477578,0.125800468,0.039621237,0.006200081
0.506540202,0.26455564,0.169348763,0.047533948,0.012021447
0.475060389,0.248329685,0.203717982,0.050090923,0.022801021
0.418954335,0.219056232,0.271795417,0.054414153,0.035779863
0.320688258,0.180510911,0.371952231,0.077938056,0.048910544
0.221698941,0.134101332,0.463098028,0.111561968,0.069539731
0.178072361,0.194805919,0.427145523,0.115109441,0.084866756
0.230240697,0.215250666,0.388945077,0.086173245,0.079390315
0.324148319,0.118561391,0.41184913,0.064356578,0.081084582
0.361007704,0.148249137,0.36666982,0.055754642,0.068318697
0.4263646,0.07248864,0.361138266,0.072610832,0.067397662
0.354039339,0.273976056,0.222157641,0.097295869,0.052531094
0.417971844,0.321524271,0.135788279,0.062457273,0.062258333
0.367014649,0.394468203,0.119011536,0.057633301,0.061872311
0.20216824,0.4774823,0.134047762,0.10907189,0.077229809
0.283268881,0.419198001,0.114582396,0.122557483,0.060393239
0.344863812,0.369013611,0.107611014,0.128359262,0.050152302
0.419688542,0.266996964,0.116008064,0.152750138,0.044556292
0.515610895,0.175484023,0.104511913,0.170257059,0.03413611
0.508625837,0.163832019,0.115447183,0.187081115,0.025013847
0.542200828,0.107889881,0.156824858,0.161370907,0.031713526
0.566123927,0.066552377,0.191144751,0.1454215,0.030757445
0.588838769,0.034451151,0.203351004,0.159967187,0.013391889
0.476785394,0.248252021,0.152960723,0.113821117,0.008180745
0.441371575,0.359598578,0.126755573,0.069251963,0.003022311
0.394012296,0.389129277,0.144571394,0.069744176,0.002542857
0.328339902,0.42790113,0.173870547,0.067327666,0.002560755
0.308928652,0.419924479,0.210977748,0.054927565,0.005241557
0.341586879,0.350492472,0.187532493,0.07857699,0.041811166
0.434323717,0.319261288,0.139904534,0.048826346,0.057684116
0.349255965,0.404784664,0.14522519,0.042962494,0.057771686
0.137412427,0.52415792,0.179891929,0.084460512,0.074077212
0.231904881,0.463587129,0.150300938,0.097210044,0.056997008
0.316932503,0.410933766,0.12657869,0.09821796,0.047337082
0.339515726,0.35904049,0.136216196,0.11959552,0.045632069
0.441799835,0.274802742,0.116895244,0.129735684,0.036766495
0.359429343,0.296938966,0.162874306,0.147361608,0.033395777
0.272572762,0.33070066,0.226071628,0.125157742,0.045497208
0.312288046,0.278914925,0.267266061,0.095730568,0.045800399
0.381544902,0.260898655,0.236350913,0.097433118,0.023772413
0.335933302,0.340724136,0.199414447,0.103012006,0.020916109
0.34273802,0.374670436,0.174452745,0.089984179,0.01815462
0.336213941,0.37664469,0.194954623,0.079872019,0.012314726
0.328960106,0.358976149,0.238225672,0.061411062,0.012427011
0.393979536,0.259396848,0.277704829,0.0557324,0.013186387
0.431573372,0.221893906,0.284073746,0.050751842,0.011707134
0.446571138,0.211564924,0.277458926,0.054997628,0.009407383
0.523562676,0.12795562,0.283814843,0.054595068,0.010071792
0.609750649,0.060244052,0.275451434,0.040405997,0.014147867
0.629748225,0.062636956,0.270220523,0.026622263,0.010772033
0.633551097,0.048557507,0.259707767,0.044862817,0.013320813
0.341967661,0.356881468,0.131099582,0.113921496,0.056129791
0.289569081,0.439885892,0.124506799,0.062547288,0.083490941
0.315793482,0.424889031,0.117101086,0.069113224,0.073103178
0.279701925,0.439968082,0.104899211,0.112512234,0.062918547
0.232336179,0.493305461,0.069081629,0.142304086,0.062972645
0.296904721,0.465519228,0.029499458,0.149593477,0.058483116
0.354229731,0.40244859,0.020152283,0.175146133,0.048023263
0.307699546,0.383553447,0.053713579,0.213983624,0.041049804
0.342232306,0.335903387,0.104340798,0.19029233,0.027231178
0.396420366,0.301551689,0.140940895,0.145146377,0.015940673
0.366933049,0.283234815,0.180736709,0.151715213,0.017380215
0.318009363,0.370117066,0.151753358,0.150146594,0.009973618
0.391261947,0.338566806,0.151715516,0.110704263,0.007751469
0.438075696,0.3019941,0.152752061,0.090174015,0.017004127
0.433370379,0.325088,0.149082338,0.074889507,0.017569775
0.516521776,0.227245157,0.163207009,0.070409389,0.022616669
0.601885728,0.155125262,0.164575891,0.053247039,0.02516608
0.588240841,0.171762059,0.157383303,0.058688444,0.023925354
0.642789083,0.11182449,0.141701339,0.083006731,0.020678357
0.710584755,0.039199183,0.144682885,0.083193197,0.022339979
0.704592457,0.045906869,0.14766653,0.072734386,0.029099758
0.678380954,0.073579115,0.14853944,0.075017835,0.024482655
0.345289719,0.357937905,0.139681269,0.109637185,0.047453923
0.292369922,0.439007967,0.130466238,0.067849112,0.07030676
0.27455086,0.441471287,0.134618139,0.082210461,0.067149253
0.254144874,0.440460737,0.124483137,0.124105064,0.056806188
0.222322315,0.473910657,0.09180917,0.154585994,0.057371864
0.297761635,0.42893606,0.061953917,0.156878075,0.054470314
0.349679985,0.369203694,0.059635066,0.177904972,0.043576282
0.356185825,0.273668184,0.084955581,0.244631855,0.040558555
0.381362147,0.220029766,0.139334393,0.228896541,0.030377152
0.487761556,0.145230108,0.171821979,0.170593198,0.024593158
0.602439067,0.031458439,0.176461391,0.158594747,0.031046356
0.553870275,0.20820695,0.066970494,0.148756978,0.022195302
0.586193041,0.261730997,0.028412515,0.109629496,0.01403395
0.603530685,0.22803552,0.068400612,0.0915819,0.008451284
0.507847823,0.324565529,0.084414314,0.07411221,0.009060123
0.564036215,0.270695525,0.095572828,0.060529241,0.009166191
0.648046009,0.203083551,0.090357262,0.048113022,0.010400156
0.598302563,0.256590626,0.076033724,0.059667783,0.009405303
0.602531785,0.252517907,0.065346439,0.076867076,0.002736794
0.633396223,0.197258138,0.08885877,0.077096254,0.003390615
0.627604453,0.162002971,0.119628128,0.088280968,0.002483479
0.603626613,0.169195665,0.123549249,0.096720324,0.006908149
0.607981824,0.150252308,0.149040987,0.081041984,0.011682897
0.571916584,0.161278835,0.175325571,0.073422996,0.018056014
0.443361928,0.292146821,0.183858878,0.06773623,0.012896142
0.42147831,0.279728581,0.20165214,0.081107169,0.0160338
0.280384327,0.400376776,0.22136472,0.077641928,0.020232248
0.243446986,0.442261304,0.206616351,0.086855056,0.020820304
0.212972149,0.431607781,0.261627116,0.066791974,0.02700098
0.171497629,0.556951183,0.231334516,0.009420392,0.030796279
0.254502317,0.411300235,0.241016958,0.047269588,0.045910902
0.274131033,0.30347852,0.248192872,0.116228472,0.057969102
0.361584596,0.270973932,0.239428165,0.082918365,0.045094942
0.41609626,0.133841301,0.328722275,0.070147525,0.051192639
0.337317124,0.258362153,0.294834024,0.070783479,0.038703221
0.422458674,0.27022318,0.232108701,0.043180802,0.032028643
0.468035139,0.275687377,0.186595534,0.041966431,0.027715519
0.48151586,0.27827828,0.168200058,0.051964119,0.020041683
0.457069959,0.325986933,0.149116499,0.050134781,0.017691828
0.458428772,0.326233839,0.15563557,0.039091824,0.020609996
0.492292287,0.277988272,0.16020225,0.046052893,0.023464298
0.465599563,0.328171161,0.126295489,0.057720227,0.022213559
0.464371056,0.315264637,0.107202249,0.087049434,0.026112624
0.572981372,0.19544162,0.073782131,0.120024319,0.037770558
0.633107189,0.14190123,0.018259787,0.158929787,0.047802006
0.448565848,0.362675576,0.02452341,0.124375871,0.039859295
0.343336112,0.50023893,0.056943655,0.074805097,0.024676206
0.351811665,0.345554382,0.124353986,0.122437893,0.055842074
0.285905176,0.433936977,0.129447694,0.066246673,0.08446348
0.30329237,0.434289502,0.125966527,0.064395716,0.072055884
0.237848427,0.469130233,0.119833467,0.10883767,0.064350203
0.207058786,0.509878483,0.086231915,0.134206649,0.062624167
0.254258317,0.487803593,0.055745654,0.14603512,0.056157316
0.304687347,0.412794886,0.071493576,0.167504673,0.043519519
0.306047948,0.352958359,0.11266656,0.195190137,0.033136996
0.344839768,0.298107554,0.165692792,0.174705714,0.016654172
0.43496698,0.236869643,0.195971805,0.124446578,0.007744993
0.447044595,0.188307261,0.236693359,0.115241186,0.012713599
0.395345696,0.263506217,0.225412006,0.111966908,0.003769173
0.383294389,0.276494931,0.236005012,0.093784038,0.010421631
0.348124851,0.294266674,0.247228798,0.088548589,0.021831089
0.294968255,0.363106532,0.240206634,0.081068747,0.020649832
0.36549097,0.270999916,0.26568817,0.074251217,0.023569728
0.450646903,0.209281632,0.264528403,0.050989417,0.024553645
0.443151688,0.236729604,0.249275513,0.049954083,0.020889112
0.514015332,0.130801387,0.263406526,0.072855447,0.018921309
0.581925907,0.038398331,0.279247648,0.079076075,0.021352039
0.604072043,0.021873634,0.2763418,0.067349148,0.030363375
0.5759459,0.064609369,0.261218334,0.071724972,0.026501426
0.604908466,0.070159855,0.228478848,0.077769245,0.018683587
0.641840653,0.021477088,0.228936005,0.086290266,0.021455987
0.60999511,0.078115872,0.197879771,0.095100487,0.01890876
0.599325475,0.091091693,0.18384026,0.107463401,0.018279172
0.490900382,0.202705292,0.189698736,0.103783755,0.012911835
0.446903978,0.208376783,0.224829139,0.108878215,0.011011885
0.413160767,0.170836642,0.323603406,0.076989772,0.015409413
0.246411586,0.322774026,0.402675731,0.014404722,0.013733934
0.165459429,0.267123081,0.522766715,0.035241028,0.009409747
0.163630118,0.049290015,0.67092293,0.105710815,0.010446122
0.089195371,0.156234348,0.623617053,0.119992076,0.010961153
0.196092905,0.150274898,0.565540738,0.079739263,0.008352195
0.348893596,0.338642707,0.15019664,0.09373707,0.068529987
0.33184968,0.416642025,0.121951947,0.058328329,0.071228018
0.293491762,0.424636856,0.119145673,0.087160452,0.075565257
0.307500723,0.419276911,0.098382867,0.114104374,0.060735125
0.332955374,0.427123876,0.065561475,0.124219518,0.050139756
0.366860081,0.400240419,0.043927831,0.146330885,0.042640784
0.427154395,0.347204426,0.025014801,0.164990051,0.035636328
0.410534732,0.318896677,0.064793357,0.180834899,0.024940335
0.44772951,0.252259025,0.123634923,0.149000403,0.027376139
0.50706084,0.121757521,0.214325953,0.134241413,0.022614274
0.459042895,0.104486752,0.278887507,0.151904774,0.005678072
0.347190951,0.292278679,0.242535704,0.110699019,0.007295646
0.317043099,0.294270156,0.286081302,0.087468403,0.01513704
0.320027198,0.287089438,0.300079084,0.081390882,0.011413399
0.274684373,0.36145628,0.288421504,0.064882498,0.010555344
0.33188454,0.248545822,0.335642701,0.067466981,0.016459956
0.376469073,0.147169369,0.392299664,0.067810846,0.016251048
0.369136597,0.207766606,0.326058418,0.079267404,0.017770975
0.43053458,0.180164128,0.288591414,0.091144,0.009565879
0.5563796,0.078759043,0.278121595,0.082844173,0.003895589
0.592065774,0.074861305,0.253231919,0.067224981,0.012616022
0.58374711,0.123872654,0.225819789,0.056158824,0.010401623
0.559795277,0.178918365,0.200490064,0.05613832,0.004657974
0.507714957,0.233982346,0.187852385,0.06192254,0.008527772
0.450073224,0.265010582,0.194828474,0.077152501,0.012935219
0.434533459,0.231567294,0.227426815,0.098268329,0.008204103
0.346223244,0.319791783,0.227780457,0.09705427,0.009150246
0.326997705,0.305040171,0.241448085,0.104492957,0.022021082
0.355276039,0.197274256,0.354750474,0.066411022,0.026288209
0.235100037,0.408374856,0.309565049,0.028091524,0.018868533
0.264451604,0.296313291,0.354439985,0.059298365,0.025496755
0.294121938,0.34198337,0.18990542,0.117456286,0.056532987
0.373331162,0.372549509,0.123651649,0.069166324,0.061301356
0.324522693,0.462664503,0.100786592,0.049811131,0.062215081
0.204858696,0.532728279,0.09755763,0.090861911,0.073993484
0.259302119,0.51234831,0.053738524,0.111706411,0.062904636
0.337784291,0.468704685,0.029622801,0.112200378,0.051687845
0.329064151,0.421447911,0.070937276,0.134631726,0.043918937
0.376909393,0.344989117,0.111071285,0.132537604,0.034492601
0.353618684,0.327696874,0.154735016,0.137080166,0.026869259
0.362323227,0.2682876,0.211255202,0.123885877,0.034248094
0.398130596,0.16543216,0.279946743,0.119366443,0.037124058
0.444313144,0.079812704,0.318413581,0.13707782,0.020382751
0.417671992,0.140003642,0.299576266,0.121385918,0.021362182
0.454523293,0.183604709,0.252124004,0.092592579,0.017155414
0.467932706,0.18642152,0.237282266,0.097069925,0.011293583
0.477794293,0.198975252,0.224413945,0.087303185,0.011513325
0.575234238,0.147379229,0.196107442,0.073814138,0.007464953
0.61575628,0.167167539,0.123561802,0.087653116,0.005861263
0.586655822,0.241190145,0.059164961,0.100912134,0.012076937
0.55696725,0.260447379,0.074329036,0.098209546,0.010046789
0.612189699,0.204294368,0.093833897,0.085697035,0.003985001
0.622962303,0.17431645,0.105477287,0.088904729,0.008339231
0.682600926,0.115486403,0.094081907,0.097699315,0.010131449
0.672065883,0.113088785,0.107470418,0.099432807,0.007942107
0.588575631,0.142392599,0.144618486,0.111032305,0.013380979
0.465013627,0.247237358,0.143659726,0.125824541,0.018264748
0.314147233,0.332041852,0.171007786,0.163409596,0.019393533
0.229095029,0.355331042,0.204872826,0.189737966,0.020963137
0.192441711,0.327012589,0.281766087,0.170848494,0.027931118
0.249674582,0.352887624,0.169921707,0.143978883,0.083537204
0.370157044,0.350475872,0.131750171,0.074504356,0.073112557
0.31244648,0.443471348,0.121386612,0.053846064,0.068849497
0.2048111,0.506308384,0.121983534,0.091151476,0.075745506
0.243084689,0.499584512,0.089449428,0.109030379,0.058850992
0.324860876,0.470544661,0.049101,0.111423197,0.044070267
0.316712856,0.460836957,0.044227415,0.142548645,0.035674128
0.381974542,0.382502527,0.059562408,0.152801994,0.023158529
0.375449273,0.342572091,0.111214373,0.161858084,0.008906178
0.401943091,0.294303775,0.160518995,0.135434296,0.007799843
0.464203983,0.179302913,0.21854199,0.131243299,0.006707815
0.476705043,0.176273176,0.1886047,0.132164456,0.026252625
0.401661538,0.29929149,0.166469454,0.107765762,0.024811757
0.415824682,0.277203542,0.179407861,0.099862309,0.027701606
0.377272383,0.314419821,0.181232195,0.1043215,0.022754102
0.350863336,0.332486625,0.196072489,0.097844674,0.022732876
0.443054667,0.208305881,0.225863404,0.096324375,0.026451672
0.474904799,0.190936211,0.219342037,0.092685538,0.022131414
0.486681677,0.210113327,0.170637634,0.107507181,0.025060181
0.518882218,0.209669733,0.140425272,0.111676752,0.019346026
0.576742491,0.187031825,0.127317421,0.097818908,0.011089355
0.594289943,0.177473587,0.126448451,0.092581839,0.009206181
0.593758942,0.184400689,0.113184246,0.100611673,0.00804445
0.555485667,0.229943247,0.100220802,0.1059013,0.008448985
0.53660513,0.232227904,0.109096842,0.117756069,0.004314055
0.481363959,0.245435566,0.140646399,0.129251954,0.003302122
0.433185168,0.218138228,0.184956563,0.155587691,0.008132349
0.374576885,0.291283711,0.185620561,0.139220462,0.009298381
0.42981789,0.211721374,0.211029,0.133670484,0.013761253
0.362182455,0.302296947,0.216483338,0.082542834,0.036494426
0.454981781,0.295737352,0.140091917,0.051967715,0.057221235
0.367186706,0.402282058,0.133809483,0.038440652,0.058281101
0.176904931,0.520895058,0.157538981,0.070064595,0.074596435
0.311873487,0.425635041,0.120620077,0.082567731,0.059303665
0.385536489,0.400654881,0.085514129,0.081442366,0.046852136
0.42936359,0.364403497,0.078071887,0.086912603,0.041248423
0.50576777,0.336200094,0.048067917,0.075730607,0.034233612
0.483716984,0.355314051,0.056910894,0.071007562,0.03305051
0.478449236,0.351509576,0.07883149,0.045084493,0.046125206
0.498311379,0.298588536,0.101528347,0.045432329,0.056139409
0.495884812,0.271088688,0.122751986,0.057143697,0.053130816
0.461898039,0.334428049,0.104366463,0.044948495,0.054358955
0.484550476,0.276549065,0.121052543,0.055365796,0.06248212
0.450908559,0.334065028,0.087940031,0.067708031,0.059378351
0.441228914,0.337831948,0.102025067,0.061830126,0.057083945
0.462578779,0.233586998,0.189516212,0.051793524,0.062524487
0.244091224,0.406368347,0.253808839,0.04569922,0.05003237
0.213200375,0.3220881,0.335610357,0.076222329,0.052878838
0.193697414,0.376977314,0.318047247,0.069640356,0.04163767
0.209687416,0.441680018,0.273466643,0.042803192,0.03236273
0.314587984,0.39410623,0.099077624,0.118994182,0.07323398
0.382579648,0.35078929,0.126832022,0.066596314,0.073202725
0.325080944,0.438488752,0.112025936,0.056378886,0.068025482
0.230619763,0.491936126,0.107365406,0.098206202,0.071872503
0.296333244,0.471319398,0.063597437,0.112061,0.056688922
0.385962949,0.427658379,0.035605308,0.107803557,0.042969808
0.390361172,0.385341228,0.059247322,0.130745721,0.034304556
0.428572467,0.31257721,0.095002909,0.139486991,0.024360423
0.42112925,0.268093333,0.14975727,0.150367237,0.010652911
0.375312194,0.262925911,0.218621428,0.133183742,0.009956726
0.39401172,0.125948046,0.331929228,0.138503287,0.009607719
0.376631459,0.108735034,0.348349841,0.149967341,0.016316325
0.317047114,0.241965141,0.31166808,0.108720518,0.020599148
0.340095709,0.235349472,0.312073115,0.082329049,0.030152655
0.328373799,0.24685918,0.314198214,0.082777799,0.027791009
0.323609871,0.275899234,0.296683362,0.074780428,0.029027105
0.392467766,0.175685581,0.289773524,0.101567226,0.040505904
0.330130169,0.355481857,0.149153947,0.09950601,0.065728017
0.296876414,0.445471026,0.119029223,0.072609129,0.066014208
0.221304638,0.484446287,0.113162845,0.110450036,0.070636194
0.258755368,0.482103407,0.071124321,0.134738268,0.053278636
0.338583509,0.467722092,0.015324988,0.138512115,0.039857296
0.328432297,0.456258362,0.022517384,0.16288137,0.029910588
0.337348327,0.398366074,0.062590366,0.181331063,0.02036417
0.277607891,0.412503701,0.096718235,0.204888302,0.00828187
0.291460874,0.379581949,0.146999978,0.171850907,0.010106292
0.266194917,0.333649646,0.247541897,0.141207203,0.011406337
0.174033731,0.392185969,0.248867922,0.14429091,0.040621468
0.164275967,0.455936453,0.213277945,0.136040791,0.030468844
0.228564344,0.434497209,0.179892034,0.125457823,0.03158859
0.288396395,0.416755581,0.161654205,0.106908994,0.026284825
0.349716527,0.360522964,0.178531829,0.086183422,0.025045258
0.442148648,0.226610648,0.184324145,0.109424864,0.037491694
0.365602833,0.343565404,0.136116677,0.08469795,0.070017136
0.353938482,0.409614935,0.102708408,0.064615298,0.069122877
0.309079892,0.419636061,0.09835948,0.101438845,0.071485722
0.357267062,0.394567497,0.070986509,0.121435092,0.055743839
0.411276097,0.370901799,0.048056395,0.123931775,0.045833935
0.426014856,0.328615467,0.060794297,0.145414198,0.039161183
0.428032611,0.294756086,0.088595415,0.158316534,0.030299354
0.395037891,0.291310658,0.118018458,0.171565023,0.02406797
0.405890244,0.239221644,0.158138395,0.171701243,0.025048474
0.409288163,0.141621594,0.22791483,0.19740267,0.023772742
0.28973443,0.161925838,0.284190455,0.25150852,0.012640757
0.239518061,0.267087015,0.270507621,0.212566287,0.010321016
0.254131149,0.225986559,0.329494204,0.181168589,0.009219499
0.269722635,0.280492972,0.289576654,0.137525877,0.022681862
0.225646835,0.35056254,0.253261617,0.149228328,0.02130068
0.377958087,0.213684019,0.201072933,0.154058645,0.053226315
0.344810633,0.3594428,0.12755326,0.088896618,0.079296689
0.276903356,0.472185292,0.107808495,0.061388194,0.081714662
0.172732201,0.530235481,0.097497073,0.105491322,0.094043923
0.195838073,0.533496383,0.062359756,0.133785754,0.074520034
0.284545217,0.50516461,0.022162286,0.130272482,0.057855406
0.237757523,0.500610646,0.047956806,0.164746031,0.048928994
0.228855786,0.4562755,0.088965882,0.183009501,0.04289333
0.183678619,0.462972491,0.130111097,0.190492971,0.032744822
0.157960195,0.465756917,0.177756253,0.157150219,0.041376416
0.209601244,0.384103798,0.235803611,0.124908554,0.045582793
0.289015622,0.363582202,0.212681639,0.112251831,0.022468706
0.259755625,0.414216188,0.207536404,0.091487454,0.027004329
0.342707912,0.326556074,0.226494356,0.067722451,0.036519207
0.351306809,0.366349532,0.197283721,0.058510533,0.026549405
0.380268892,0.342935349,0.1862267,0.062594279,0.02797478
0.480331704,0.232148747,0.176517459,0.078279759,0.032722331
0.467972051,0.289198304,0.144915068,0.068610528,0.029304048
0.410194809,0.324672254,0.13850964,0.08987209,0.036751206
0.338989819,0.399348214,0.141090969,0.057183194,0.063387803
0.365390262,0.395038689,0.135782927,0.049376579,0.054411544
0.271101033,0.444000893,0.152548917,0.085015944,0.047333212
0.221636086,0.493909243,0.138567693,0.102629556,0.043257423
0.261295287,0.48163182,0.105107433,0.114125139,0.037840322
0.311775262,0.432001503,0.089437281,0.141703174,0.025082779
0.368780805,0.363773487,0.106214227,0.149160252,0.01207123
0.390367002,0.324733158,0.158673667,0.118667273,0.0075589
0.448843949,0.297410354,0.169418269,0.071081435,0.013245993
0.504817189,0.183183027,0.206528513,0.085788629,0.019682642
0.383675981,0.289075837,0.208390907,0.10402259,0.014834685
0.328906444,0.355159414,0.213660631,0.083885803,0.018387708
0.335411899,0.285199697,0.287988444,0.062760016,0.028639945
0.227577061,0.369810677,0.31828572,0.05370282,0.030623723
0.175922536,0.334208211,0.378915272,0.075710555,0.035243426
0.118191063,0.179000069,0.550712248,0.097421493,0.054675127
0.102113746,0.208587032,0.54483854,0.091709373,0.052751309
0.150723809,0.164196027,0.522469089,0.105532043,0.057079032
0.213250241,0.284035263,0.369098998,0.08541974,0.048195759
0.285752855,0.26034773,0.346133187,0.059310978,0.04845525
0.306147173,0.258358218,0.33360553,0.057620215,0.044268864
0.369448479,0.202219516,0.325717012,0.059782535,0.042832457
0.410074394,0.199865065,0.288826182,0.05520326,0.046031099
0.44912226,0.093026687,0.327719318,0.075404033,0.054727702
0.407835432,0.247578081,0.221076617,0.079592848,0.043917022
0.457293278,0.213921769,0.190931918,0.089072913,0.048780122
0.342100622,0.439197297,0.121858573,0.060062973,0.036780534
0.334880049,0.417999062,0.170247888,0.045723646,0.031149355
0.386138228,0.307050413,0.242598371,0.030403187,0.0338098
0.290885035,0.45409571,0.219898239,0.012618311,0.022502704
0.325081572,0.395852911,0.232010585,0.025669836,0.021385096
0.376544438,0.235333954,0.300238649,0.060814828,0.02706813
0.352952782,0.26357377,0.301318704,0.054300227,0.027854518
0.413658387,0.139983003,0.355129689,0.056538509,0.034690412
0.38996323,0.055789728,0.419331634,0.09423048,0.040684927
0.356930506,0.102148162,0.41173553,0.091752688,0.037433115
0.329500674,0.152992345,0.412972885,0.064112639,0.040421457
0.332724274,0.099188818,0.46487224,0.070365815,0.032848853
0.397196798,0.045336876,0.438250212,0.096865218,0.022350896
0.264541367,0.325022133,0.324112571,0.069271668,0.017052261
0.262670901,0.322762253,0.328305662,0.067114457,0.019146727
0.284245379,0.341545277,0.271861431,0.084653563,0.01769435
0.219746269,0.556896985,0.150922538,0.059465688,0.012968521
0.294185485,0.511901266,0.1160722,0.059138166,0.018702883
0.275151907,0.57998863,0.075781161,0.047560092,0.02151821
0.235669166,0.625750611,0.068601523,0.048425826,0.021552874
0.324344634,0.506378439,0.106724378,0.033094486,0.029458063
0.307550709,0.489179489,0.149785681,0.027945241,0.025538879
0.350094477,0.360678641,0.132504336,0.098569041,0.058153505
0.291984642,0.467304818,0.108805946,0.056781771,0.075122823
0.306458192,0.452487437,0.101685635,0.068904317,0.070464419
0.269385091,0.486496047,0.088781991,0.100195659,0.055141211
0.206098562,0.560502139,0.061995692,0.120254891,0.051148716
0.254801374,0.520391855,0.0582626,0.12763676,0.038907411
0.289918609,0.457446452,0.08973586,0.134423499,0.028475581
0.249459172,0.426063774,0.148922273,0.156933217,0.018621564
0.31179861,0.335817409,0.209481065,0.130086436,0.01281648
0.23758155,0.371323018,0.13915472,0.105939845,0.146000867
0.347645667,0.137487959,0.365681011,0.118050774,0.031134588
0.267176311,0.296812116,0.307819312,0.107853365,0.020338896
0.346163875,0.236110295,0.320472797,0.070821953,0.026431081
0.399052461,0.199689854,0.303993336,0.067721142,0.029543207
0.391607658,0.28010287,0.247091748,0.053977968,0.027219756
0.490626551,0.183817828,0.236826046,0.056360603,0.032368972
0.549554583,0.127864088,0.224981077,0.064334835,0.033265419
0.518922696,0.186060606,0.19027754,0.076004269,0.028734889
0.565288139,0.163676181,0.156981658,0.093007953,0.021046069
0.647420214,0.09405408,0.156619235,0.085290808,0.016615664
0.704541962,0.042784382,0.155556803,0.078220503,0.018896349
0.66562362,0.067097081,0.160311454,0.090954389,0.016013456
0.622584047,0.13244312,0.147524727,0.088685281,0.008762826
0.545422958,0.196080635,0.157438063,0.091137242,0.009921101
0.472010523,0.313592263,0.123962245,0.036981287,0.053453682
0.433860003,0.390005876,0.086258154,0.026729999,0.063145968
0.262847213,0.490108333,0.085260603,0.081199537,0.080584313
0.304988869,0.431182177,0.083823134,0.113093899,0.06691192
0.287117486,0.466091498,0.098696471,0.097351951,0.050742594
0.338031677,0.425842313,0.117531383,0.073720907,0.044873719
0.402160868,0.35131746,0.114072431,0.088845605,0.043603636
0.371752752,0.39245966,0.087361162,0.109978578,0.038447847
0.470204598,0.29330014,0.083678631,0.110297873,0.042518757
0.450728412,0.333059877,0.082427016,0.096389277,0.037395418
0.325716282,0.448419143,0.091825153,0.097293891,0.036745531
0.352371652,0.467524479,0.094193338,0.047111531,0.038799
0.331650723,0.515498874,0.088356803,0.022507474,0.041986125
0.259289862,0.567140988,0.088931479,0.046239345,0.038398327
0.516340452,0.328655218,0.097242199,0.04319722,0.01456491
0.431329056,0.395886648,0.1047143,0.041056692,0.027013304
0.156990944,0.583037098,0.154062189,0.063200127,0.042709642
0.286103174,0.395545474,0.180426503,0.080431097,0.057493752
0.327465306,0.378480434,0.171473878,0.06427739,0.058302992
0.327035382,0.450157144,0.104423686,0.058574117,0.059809671
0.506104334,0.358329467,0.058318661,0.027120488,0.050127051
0.371849774,0.483478315,0.05655389,0.03120194,0.056916082
0.182507068,0.601837915,0.068452965,0.074190094,0.073011957
0.346651719,0.477481008,0.040446941,0.084071652,0.051348681
0.456041763,0.388471966,0.069066299,0.058394939,0.028025032
0.338679157,0.500206072,0.065428944,0.064032254,0.031653573
0.139655159,0.632682686,0.080205121,0.10032235,0.047134683
0.203943863,0.581284462,0.07350351,0.097416309,0.043851855
0.3058632,0.508914006,0.078615575,0.039548318,0.067058902
0.486155611,0.357844685,0.058941496,0.034625919,0.062432288
0.499756316,0.291570801,0.07572458,0.073542937,0.059405367
0.43949205,0.338496853,0.074924988,0.097994103,0.049092006
0.48041023,0.259465554,0.067728388,0.130455135,0.061940692
0.561551933,0.168825555,0.067449516,0.135540081,0.066632915
0.389732971,0.345823647,0.142224836,0.067128157,0.055090389
0.389803978,0.400460256,0.113505507,0.038346452,0.057883808
0.290643046,0.446462972,0.118849943,0.076725544,0.067318496
0.34226838,0.411169369,0.092013522,0.100112008,0.054436721
0.378821474,0.420820582,0.048367696,0.111277117,0.040713131
0.309209562,0.398780061,0.130871521,0.084839397,0.076299459
0.287647255,0.461695456,0.110900547,0.062890866,0.076865877
0.215347701,0.486203862,0.109252937,0.108769685,0.080425815
0.243424405,0.47372145,0.086965332,0.133297113,0.0625917
0.315741282,0.445511205,0.0513473,0.137595953,0.04980426
0.359998722,0.408094619,0.034843758,0.156004221,0.041058681
0.379645708,0.378150398,0.050839856,0.162003665,0.029360373
0.374331329,0.357607638,0.08861388,0.163375315,0.016071839
0.404529925,0.322565668,0.129762959,0.124028512,0.019112936
0.416367336,0.277124299,0.185639093,0.110366465,0.010502807
0.430084857,0.20023255,0.219268279,0.13446021,0.015954104
0.395540169,0.308903007,0.181236066,0.105815485,0.008505272
0.419621585,0.286799432,0.181166355,0.097244788,0.01516784
0.47907315,0.207407643,0.175959971,0.116419141,0.021140095
0.471480638,0.247376276,0.159584869,0.105299335,0.016258882
0.539674205,0.158041624,0.170760297,0.110589639,0.020934236
0.519120042,0.163490773,0.176994817,0.119725704,0.020668663
0.489688265,0.166539285,0.174625814,0.146151458,0.022995178
0.507006934,0.137660617,0.173890085,0.166684257,0.014758107
0.580357325,0.077197947,0.188550509,0.147692354,0.006201865
0.594207998,0.086515181,0.171130169,0.134553789,0.013592863
0.594805607,0.112657825,0.151887213,0.129506886,0.011142469
0.597954071,0.144336123,0.13000589,0.123267774,0.004436142
0.626441712,0.107013454,0.135519579,0.121519188,0.009506066
0.359658403,0.356277492,0.132274215,0.094159231,0.057630659
0.313652924,0.444658498,0.111217823,0.060098557,0.070372198
0.277314262,0.467652085,0.101249245,0.084486841,0.069297567
0.251463363,0.482849741,0.089103907,0.122311822,0.054271168
0.198728056,0.551592827,0.06047271,0.141283239,0.047923169
0.251734082,0.528740716,0.035459323,0.147729079,0.036336801
0.316887479,0.449436327,0.025900105,0.177322574,0.030453515
0.241703358,0.469789837,0.065336434,0.203896396,0.019273976
0.320674206,0.389233183,0.105994788,0.165844878,0.018252945
0.349100508,0.348692526,0.149603581,0.125885787,0.026717598
0.284231648,0.384943353,0.157710662,0.132728373,0.040385964
0.214072052,0.49367851,0.133679972,0.13327533,0.025294136
0.235102056,0.457042753,0.159133968,0.117778102,0.030943121
0.23787054,0.449079954,0.164165557,0.110429366,0.038454583
0.259896926,0.480807688,0.16573208,0.067918707,0.025644599
0.411885976,0.298507684,0.171453911,0.09281907,0.025333359
0.455962074,0.2818488,0.153758804,0.092007391,0.016422932
0.52174735,0.165815302,0.198667145,0.100923857,0.012846346
0.533316509,0.166319638,0.193561358,0.103479334,0.003323162
0.510793583,0.208707299,0.192237089,0.083739094,0.004522934
0.524024596,0.171560596,0.20933485,0.087871169,0.007208789
0.478115449,0.233373481,0.200212062,0.078170716,0.010128291
0.515458222,0.283339404,0.124849499,0.040458782,0.035894092
0.466575832,0.324349169,0.126562536,0.029647638,0.052864825
0.380692559,0.355289521,0.158239712,0.053878391,0.051899817
0.321110076,0.353537329,0.189680255,0.08383733,0.051835011
0.243557735,0.368848759,0.238241911,0.088930365,0.060421231
0.302188203,0.354964463,0.218852985,0.066413388,0.057580961
0.306550734,0.367464312,0.221232184,0.055932488,0.048820282
0.455001933,0.169912184,0.222161432,0.103150765,0.049773685
0.524502581,0.167331517,0.177684453,0.093348487,0.037132962
0.488029841,0.312409756,0.132403943,0.043042974,0.024113487
0.562299955,0.153492289,0.245255083,0.013112417,0.025840256
0.400072605,0.370860579,0.114361248,0.074867809,0.039837759
0.374025683,0.445751994,0.085559674,0.044769433,0.049893216
0.290197456,0.503360105,0.091228858,0.060484639,0.054728943
0.248162173,0.535865975,0.079364192,0.091363835,0.045243825
0.180759798,0.616900697,0.048566275,0.113613617,0.040159614
0.238287553,0.571342804,0.026348462,0.126388522,0.037632659
0.266104453,0.549736859,0.013732426,0.137531347,0.032894914
0.229213191,0.545272746,0.023569332,0.167402451,0.03454228
0.286844434,0.463386742,0.062984064,0.15555392,0.031230841
0.363596013,0.359826257,0.104021376,0.137473149,0.035083205
0.354193089,0.331682403,0.139345271,0.13845458,0.036324656
0.294365717,0.34620641,0.189394067,0.133795876,0.03623793
0.354736759,0.287018804,0.220816534,0.100078996,0.037348907
0.356750774,0.357449903,0.193599285,0.072716788,0.019483251
0.440078851,0.241138559,0.222095904,0.077538555,0.019148131
0.494596564,0.236858549,0.207668247,0.041388826,0.019487815
0.553594763,0.251534878,0.166598228,0.016898797,0.011373335
0.687600387,0.079858058,0.196006746,0.025395495,0.011139314
0.714744628,0.069041877,0.166817701,0.03919505,0.010200744
0.391842045,0.382135746,0.128575783,0.056082109,0.041364317
0.375526413,0.422469127,0.119149446,0.03812345,0.044731564
0.211533164,0.523570078,0.140984192,0.064635939,0.059276626
0.295618412,0.460193621,0.119642418,0.075102813,0.049442736
0.363496016,0.427391365,0.08436939,0.083295711,0.041447519
0.384335867,0.389669919,0.088584129,0.096988244,0.040421841
0.411814083,0.340422125,0.108488978,0.100145808,0.039129006
0.359597954,0.311361068,0.166551821,0.120172635,0.042316522
0.333019051,0.324555965,0.187020171,0.106001004,0.049403809
0.260085412,0.358788861,0.201267411,0.119068468,0.060789847
0.223109107,0.299564033,0.226057627,0.174693992,0.076575241
0.27391999,0.450557328,0.125196285,0.090734772,0.059591626
0.40761883,0.371945895,0.118949423,0.054284886,0.047200966
0.547287939,0.249316779,0.107545182,0.060619394,0.035230705
0.507936421,0.272167747,0.12575294,0.062686673,0.031456219
0.593973291,0.175330157,0.152758645,0.050757784,0.027180123
0.576031723,0.272096875,0.113795849,0.016552796,0.021522758
0.324142694,0.385652269,0.102105858,0.122236756,0.065862423
0.3834439,0.350821148,0.124335169,0.068294191,0.073105593
0.323885764,0.441980196,0.109653341,0.054540801,0.069939899
0.232119035,0.494173666,0.109705867,0.09260321,0.071398222
0.304083776,0.46522102,0.071816988,0.104266296,0.05461192
0.406151295,0.416249635,0.036219053,0.100985978,0.04039404
0.419829353,0.394754747,0.025754603,0.128942676,0.03071862
0.461063296,0.343572497,0.029687161,0.143418118,0.022258928
0.437469601,0.30363785,0.091520953,0.157594483,0.009777112
0.360972206,0.319703471,0.159108848,0.152242003,0.007973473
0.317751243,0.213019272,0.279779075,0.17952153,0.00992888
0.379210585,0.212611324,0.223993937,0.1593054,0.024878754
0.353864979,0.338283445,0.187727284,0.098644655,0.021479636
0.424264618,0.277558337,0.193398035,0.074897573,0.029881437
0.404344196,0.308553361,0.192066916,0.072892003,0.022143524
0.422241942,0.297496189,0.193264853,0.065986103,0.021010913
0.572700742,0.121276423,0.209564329,0.070570818,0.025887688
0.589196003,0.118755838,0.199359063,0.073539724,0.019149373
0.622584793,0.091279541,0.187376396,0.077769571,0.020989699
0.594471245,0.1546036,0.168365321,0.067327154,0.015232681
0.485669489,0.271332936,0.105106938,0.098468507,0.039422131
0.51464653,0.2940088,0.084338063,0.048683349,0.058323258
0.444771453,0.384477941,0.069694552,0.041173284,0.059882769
0.378800572,0.42613067,0.054662527,0.081750429,0.058655802
0.443808572,0.41276007,0.01139155,0.085384087,0.046655721
0.443835962,0.401483637,0.041564341,0.073780512,0.039335549
0.466860468,0.343257634,0.071471913,0.085896625,0.032513361
0.498849152,0.303192302,0.077995044,0.095143556,0.024819946
0.523267691,0.2748214,0.064407324,0.116710204,0.020793381
0.530335783,0.305554706,0.060543489,0.089438631,0.014127391
0.462951812,0.353396332,0.118206588,0.053248858,0.01219641
0.429947687,0.316434017,0.146058704,0.097601177,0.009958415
0.203337973,0.486440602,0.110405772,0.177340782,0.022474871
0.128799092,0.590531689,0.051583728,0.185961246,0.043124246
0.357766107,0.385818291,0.061459326,0.154939497,0.040016779
0.505246782,0.25139027,0.074154646,0.133735411,0.035472891
0.635444676,0.114704974,0.095289298,0.12224374,0.032317312
0.682630467,0.025276545,0.148486798,0.114213007,0.029393183
0.627195228,0.097730995,0.147962747,0.103305256,0.023805773
0.347544207,0.358788289,0.123378659,0.117769179,0.052519666
0.308901269,0.439788442,0.118256988,0.061040661,0.072012641
0.345048927,0.418899672,0.112712481,0.061190795,0.062148126
0.30618768,0.448968329,0.104314415,0.09255209,0.047977486
0.247853071,0.527817228,0.067154129,0.110261631,0.046913943
